3 12
4 9
9 5
13 10
13 13
15 19
16 10
18 13
27 16
40 3
44 1
51 8
57 9
58 7
61 1
63 5
64 8
64 8
67 2
69 6
77 17
85 13
100 13
101 16
103 5
104 5
106 1
106 2
106 5
108 7
109 2
114 2
115 14
118 13
125 19
130 5
135 11
166 5
172 15
175 3
178 16
180 12
192 8
195 7
198 5
203 5
212 1
215 6
220 19
231 3
235 3
236 19
238 2
242 13
285 5
291 5
292 1
293 11
295 19
303 15
307 7
311 3
313 7
317 6
317 19
320 3
329 1
334 11
336 12
346 9
348 4
349 4
356 18
363 2
363 5
363 1
364 6
390 14
396 13
400 2
418 19
419 11
420 7
430 13
442 17
444 1
472 9
473 8
477 5
480 10
483 14
492 16
492 4
496 3
509 4
511 13
519 14
533 15
539 8
539 11
