12 7
14 11
16 14
24 10
31 19
39 4
41 8
63 6
65 2
66 19
66 15
68 18
71 17
75 9
81 13
81 7
84 11
90 2
92 6
92 9
96 1
110 12
120 14
125 4
129 13
130 11
132 14
140 9
141 9
144 17
146 19
153 1
155 10
177 19
180 15
182 18
193 18
194 6
196 17
202 15
202 3
206 19
207 2
212 7
212 18
213 8
221 17
228 18
234 17
237 11
239 15
240 18
242 5
249 1
250 12
258 7
266 3
279 1
287 15
290 10
292 1
292 14
293 5
295 2
303 7
308 10
309 3
322 11
348 15
359 12
364 6
369 14
372 1
373 12
382 19
385 10
393 3
405 4
407 16
407 10
407 12
427 16
429 7
430 1
440 16
440 18
441 7
442 11
446 8
464 6
467 13
471 2
471 16
481 9
489 3
493 10
493 3
506 7
525 16
537 15
