2 9
2 18
5 16
6 9
15 14
15 6
22 2
47 4
53 1
56 1
58 16
59 12
61 4
61 11
68 11
70 8
77 18
92 15
100 19
106 19
109 13
109 16
114 14
115 1
121 9
126 9
129 2
138 4
143 16
148 10
152 17
157 7
157 7
159 1
165 12
171 16
171 6
174 3
178 9
181 11
187 4
189 9
211 2
224 5
229 7
230 5
233 19
237 15
243 12
247 10
256 17
256 9
263 13
271 11
279 2
287 12
288 7
291 7
295 18
297 12
298 10
299 9
300 6
302 11
304 15
317 3
324 11
324 18
327 2
327 1
334 9
339 6
348 4
349 2
364 18
368 6
370 15
373 3
384 11
392 1
397 8
398 17
400 5
412 9
424 16
457 11
459 2
460 15
461 14
475 16
481 7
489 18
491 6
502 14
507 12
512 17
517 16
530 10
534 4
534 16
