5 17
23 12
41 16
43 6
50 5
53 11
58 10
63 8
68 10
79 12
82 14
88 1
89 5
90 3
96 8
99 10
113 12
114 10
122 4
139 4
140 5
152 9
156 10
164 2
170 9
184 11
189 6
194 4
197 17
200 13
203 9
206 17
207 14
210 3
213 17
215 18
215 5
219 5
224 8
227 14
230 16
231 15
234 14
235 17
249 12
256 11
260 11
261 17
275 6
278 2
283 15
290 3
294 1
296 17
315 14
320 12
323 14
324 17
330 11
332 16
339 10
343 12
343 9
344 11
345 14
354 5
360 14
370 17
377 9
378 14
380 4
384 7
385 16
391 8
407 7
414 15
416 3
420 1
426 7
432 6
444 17
444 9
447 3
448 1
449 6
466 12
468 14
472 18
472 9
485 3
491 2
500 16
507 7
514 11
523 6
523 4
528 14
533 14
538 9
539 3
