6 16
8 8
10 8
12 18
35 3
41 7
55 9
57 8
64 4
65 14
68 16
76 8
97 19
100 2
104 6
111 9
117 6
118 1
121 18
123 9
128 13
145 16
160 11
160 10
167 2
170 1
173 4
174 15
180 2
182 9
184 4
188 2
191 12
194 13
202 10
205 16
215 7
216 2
217 9
220 9
234 8
245 11
255 5
260 3
261 1
261 9
264 3
265 1
273 2
273 8
279 8
299 12
307 5
307 5
326 6
332 8
334 12
334 12
354 1
358 16
359 8
371 7
378 18
389 14
396 6
403 3
406 19
414 12
430 17
440 16
442 5
443 18
445 7
454 14
456 4
460 14
463 9
463 5
464 1
468 11
470 17
474 3
475 1
484 12
485 5
490 7
492 9
494 15
500 19
500 15
509 3
515 13
517 1
522 18
525 7
529 13
532 14
533 17
534 19
535 16
